104_1_C5H1BACXX_GTCCGC_L001_R1.fastq.gz	9384305 9383833 472
104_2_C5H1BACXX_GTGAAA_L001_R1.fastq.gz	9654476 9653850 626
104_3_C5H1BACXX_GTGGCC_L001_R1.fastq.gz	9882560 9882002 558
104_4_C5H1BACXX_GTTTCG_L001_R1.fastq.gz	9744400 9743692 708
114_1_C5H1BACXX_AGTCAA_L004_R1.fastq.gz	8815705 8815341 364
114_2_C5H1BACXX_AGTTCC_L004_R1.fastq.gz	8881769 8881483 286
114_3_C5H1BACXX_ATGTCA_L004_R1.fastq.gz	9246215 9245648 567
114_4_C5H1BACXX_CCGTCC_L004_R1.fastq.gz	8707451 8706747 704
131_1_C5H1BACXX_CGTACG_L002_R1.fastq.gz	9579954 9578867 1087
131_2_C5H1BACXX_GAGTGG_L002_R1.fastq.gz	9341295 9339766 1529
131_3_C5H1BACXX_ACTGAT_L002_R1.fastq.gz	9472065 9470237 1828
131_4_C5H1BACXX_ATTCCT_L002_R1.fastq.gz	9372400 9371650 750
135_1_C5H1BACXX_ATCACG_L002_R1.fastq.gz	9663780 9663168 612
135_2_C5H1BACXX_CGATGT_L002_R1.fastq.gz	10320287 10319812 475
135_3_C5H1BACXX_TTAGGC_L002_R1.fastq.gz	8950507 8949667 840
135_4_C5H1BACXX_TGACCA_L002_R1.fastq.gz	8864337 8863945 392
158_1_C5H1BACXX_ACAGTG_L002_R1.fastq.gz	13835834 13835052 782
158_2_C5H1BACXX_GCCAAT_L002_R1.fastq.gz	9365640 9365104 536
158_3_C5H1BACXX_CAGATC_L002_R1.fastq.gz	9236375 9235632 743
158_4_C5H1BACXX_ACTTGA_L002_R1.fastq.gz	8312035 8156624 155411
17_1_C5H1BACXX_ATCACG_L001_R1.fastq.gz	9671969 9671383 586
17_2_C5H1BACXX_CGATGT_L001_R1.fastq.gz	9238822 9238265 557
17_3_C5H1BACXX_TTAGGC_L001_R1.fastq.gz	9584917 9582956 1961
17_4_C5H1BACXX_TGACCA_L001_R1.fastq.gz	9226207 9225130 1077
182_1_C5H1BACXX_GATCAG_L002_R1.fastq.gz	9395532 9391388 4144
182_2_C5H1BACXX_TAGCTT_L002_R1.fastq.gz	9396561 9395603 958
182_3_C5H1BACXX_GGCTAC_L002_R1.fastq.gz	9323935 9323131 804
182_4_C5H1BACXX_CTTGTA_L002_R1.fastq.gz	9572941 9571362 1579
187_1_C5H1BACXX_AGTCAA_L002_R1.fastq.gz	9118412 9117907 505
187_2_C5H1BACXX_AGTTCC_L002_R1.fastq.gz	8973624 8973286 338
187_3_C5H1BACXX_ATGTCA_L002_R1.fastq.gz	9070054 9069478 576
187_4_C5H1BACXX_CCGTCC_L002_R1.fastq.gz	8523403 8522998 405
203_1_C5H1BACXX_GTCCGC_L003_R1.fastq.gz	9951493 9950816 677
203_2_C5H1BACXX_GTGAAA_L003_R1.fastq.gz	9199378 9198728 650
203_3_C5H1BACXX_GTGGCC_L003_R1.fastq.gz	9544860 9544127 733
203_4_C5H1BACXX_GTTTCG_L003_R1.fastq.gz	9030067 9028268 1799
240_1_C5H1BACXX_CGTACG_L003_R1.fastq.gz	9328673 9324768 3905
240_2_C5H1BACXX_GAGTGG_L003_R1.fastq.gz	8983490 8980704 2786
240_3_C5H1BACXX_ACTGAT_L003_R1.fastq.gz	9028218 9022524 5694
240_4_C5H1BACXX_ATTCCT_L003_R1.fastq.gz	9277266 9275278 1988
257_1_C5H1BACXX_ATCACG_L003_R1.fastq.gz	9762795 9762207 588
257_2_C5H1BACXX_CGATGT_L003_R1.fastq.gz	9364113 9363793 320
257_3_C5H1BACXX_TTAGGC_L003_R1.fastq.gz	9806834 9806088 746
257_4_C5H1BACXX_TGACCA_L003_R1.fastq.gz	9878371 9877612 759
269_1_C5H1BACXX_AGTCAA_L005_R1.fastq.gz	8868549 8868025 524
269_2_C5H1BACXX_AGTTCC_L005_R1.fastq.gz	8471573 8471271 302
269_3_C5H1BACXX_ATGTCA_L005_R1.fastq.gz	8894472 8893590 882
269_4_C5H1BACXX_CCGTCC_L005_R1.fastq.gz	8582447 8581958 489
274_2_C5H1BACXX_GTTTCG_L006_R1.fastq.gz	9048056 9047288 768
274_3_C5H1BACXX_CGTACG_L006_R1.fastq.gz	8576768 8575590 1178
274_4_C5H1BACXX_GAGTGG_L006_R1.fastq.gz	8766883 8765727 1156
279_1_C5H1BACXX_ACAGTG_L004_R1.fastq.gz	9575225 9574625 600
279_2_C5H1BACXX_GCCAAT_L004_R1.fastq.gz	9329758 9328722 1036
279_3_C5H1BACXX_CAGATC_L004_R1.fastq.gz	8742291 8741680 611
279_4_C5H1BACXX_ACTTGA_L004_R1.fastq.gz	9368208 9367344 864
316_1_C5H1BACXX_GTCCGC_L006_R1.fastq.gz	8593692 8593005 687
316_2_C5H1BACXX_GTGAAA_L006_R1.fastq.gz	9193904 9193268 636
316_4_C5H1BACXX_GTGGCC_L006_R1.fastq.gz	8812040 8811284 756
345_1_1_C1802ACXX_ACAGTG_L002_R1.fastq.gz	8324269 8323685 584
345_2_1_C1802ACXX_GCCAAT_L002_R1.fastq.gz	8316666 8315650 1016
345_3_1_C1802ACXX_CAGATC_L002_R1.fastq.gz	7733170 7731636 1534
345_4_1_C1802ACXX_ACTTGA_L002_R1.fastq.gz	7835592 7834465 1127
349_1_1_C1802ACXX_GATCAG_L002_R1.fastq.gz	7821608 7820507 1101
349_2_1_C1802ACXX_TAGCTT_L002_R1.fastq.gz	7890668 7889933 735
349_3_1_C1802ACXX_GGCTAC_L002_R1.fastq.gz	6716150 6715700 450
349_4_1_C1802ACXX_CTTGTA_L002_R1.fastq.gz	7266295 7265098 1197
356_1_1_C1802ACXX_CGTACG_L002_R1.fastq.gz	7278566 7276997 1569
356_2_1_C1802ACXX_GAGTGG_L002_R1.fastq.gz	6550803 6549660 1143
356_3_1_C1802ACXX_ACTGAT_L002_R1.fastq.gz	7096262 7095578 684
356_4_1_C1802ACXX_ATTCCT_L002_R1.fastq.gz	6934399 6933578 821
373_1_1_C1802ACXX_ATCACG_L002_R1.fastq.gz	7229994 7228687 1307
373_2_1_C1802ACXX_CGATGT_L002_R1.fastq.gz	7716565 7716250 315
373_3_1_C1802ACXX_TTAGGC_L002_R1.fastq.gz	8032336 8032017 319
373_4_1_C1802ACXX_TGACCA_L002_R1.fastq.gz	7432092 7431657 435
412_1_C5H1BACXX_ACAGTG_L006_R1.fastq.gz	8961693 8959244 2449
412_2_C5H1BACXX_GCCAAT_L006_R1.fastq.gz	9501044 9500100 944
412_3_C5H1BACXX_CAGATC_L006_R1.fastq.gz	8991248 8989763 1485
412_4_C5H1BACXX_ACTTGA_L006_R1.fastq.gz	8262744 8259156 3588
42_1_C5H1BACXX_ACAGTG_L001_R1.fastq.gz	9011153 9010324 829
42_2_C5H1BACXX_GCCAAT_L001_R1.fastq.gz	9076639 9075464 1175
42_3_C5H1BACXX_CAGATC_L001_R1.fastq.gz	8920631 8919498 1133
42_4_C5H1BACXX_ACTTGA_L001_R1.fastq.gz	9182302 9180833 1469
468_1_C5H1BACXX_GTCCGC_L005_R1.fastq.gz	8730783 8730158 625
468_2_C5H1BACXX_GTGAAA_L005_R1.fastq.gz	8955226 8954663 563
468_3_C5H1BACXX_GTGGCC_L005_R1.fastq.gz	8899157 8898450 707
468_4_C5H1BACXX_GTTTCG_L005_R1.fastq.gz	9172788 9171948 840
487_1_C5H1BACXX_GATCAG_L006_R1.fastq.gz	8523947 8522818 1129
487_2_C5H1BACXX_TAGCTT_L006_R1.fastq.gz	9057683 9057111 572
487_3_C5H1BACXX_GGCTAC_L006_R1.fastq.gz	8940838 8940018 820
487_4_C5H1BACXX_CTTGTA_L006_R1.fastq.gz	9188841 9186355 2486
520_1_C5H1BACXX_AGTCAA_L006_R1.fastq.gz	9768445 9767636 809
520_2_C5H1BACXX_AGTTCC_L006_R1.fastq.gz	9642623 9642305 318
520_3_C5H1BACXX_ATGTCA_L006_R1.fastq.gz	9404492 9403662 830
520_4_C5H1BACXX_CCGTCC_L006_R1.fastq.gz	8253773 8253095 678
588_1_C5H1BACXX_ATCACG_L005_R1.fastq.gz	10044942 10044093 849
588_2_C5H1BACXX_CGATGT_L005_R1.fastq.gz	10024669 10024255 414
588_3_C5H1BACXX_TTAGGC_L005_R1.fastq.gz	9528421 9527683 738
588_4_C5H1BACXX_TGACCA_L005_R1.fastq.gz	10177179 10174487 2692
717_1_C5H1BACXX_CGTACG_L004_R1.fastq.gz	9335512 9334691 821
717_2_C5H1BACXX_GAGTGG_L004_R1.fastq.gz	8950277 8949609 668
717_3_C5H1BACXX_ACTGAT_L004_R1.fastq.gz	8795798 8795044 754
717_4_C5H1BACXX_ATTCCT_L004_R1.fastq.gz	9016656 9015851 805
721_1_C5H1BACXX_GATCAG_L005_R1.fastq.gz	9514496 9513342 1154
721_2_C5H1BACXX_TAGCTT_L005_R1.fastq.gz	9377309 9376497 812
721_3_C5H1BACXX_GGCTAC_L005_R1.fastq.gz	9205580 9204759 821
721_4_C5H1BACXX_CTTGTA_L005_R1.fastq.gz	9597704 9596491 1213
731_1_C5H1BACXX_CGTACG_L005_R1.fastq.gz	8664172 8663543 629
731_2_C5H1BACXX_GAGTGG_L005_R1.fastq.gz	8842846 8842299 547
731_3_C5H1BACXX_ACTGAT_L005_R1.fastq.gz	8969662 8969078 584
731_4_C5H1BACXX_ATTCCT_L005_R1.fastq.gz	8548839 8548234 605
749_1_1_C1802ACXX_AGTCAA_L002_R1.fastq.gz	6206346 6206058 288
749_2_1_C1802ACXX_AGTTCC_L002_R1.fastq.gz	6544654 6543870 784
749_3_1_C1802ACXX_ATGTCA_L002_R1.fastq.gz	6734011 6732993 1018
749_4_1_C1802ACXX_CCGTCC_L002_R1.fastq.gz	6264434 6264084 350
759_1_C5H1BACXX_ATCACG_L004_R1.fastq.gz	10046861 10046175 686
759_2_C5H1BACXX_CGATGT_L004_R1.fastq.gz	10053901 10053331 570
759_3_C5H1BACXX_TTAGGC_L004_R1.fastq.gz	9684730 9683699 1031
759_4_C5H1BACXX_TGACCA_L004_R1.fastq.gz	9529681 9529004 677
77_1_C5H1BACXX_GATCAG_L001_R1.fastq.gz	9465302 9463932 1370
77_2_C5H1BACXX_TAGCTT_L001_R1.fastq.gz	9596334 9595195 1139
77_3_C5H1BACXX_GGCTAC_L001_R1.fastq.gz	9078897 9077913 984
77_4_C5H1BACXX_CTTGTA_L001_R1.fastq.gz	9641033 9638875 2158
832_2_C5H1BACXX_ACTGAT_L006_R1.fastq.gz	9112381 9111666 715
832_3_C5H1BACXX_ATTCCT_L006_R1.fastq.gz	8056301 8055444 857
832_4_C5H1BACXX_ATCACG_L006_R1.fastq.gz	9074361 9073548 813
849_1_C5H1BACXX_ACAGTG_L003_R1.fastq.gz	9225193 9224422 771
849_2_C5H1BACXX_GCCAAT_L003_R1.fastq.gz	9040581 9039932 649
849_3_C5H1BACXX_CAGATC_L003_R1.fastq.gz	8894537 8893753 784
849_4_C5H1BACXX_ACTTGA_L003_R1.fastq.gz	8999497 8998627 870
859_1_1_C1802ACXX_GTCCGC_L002_R1.fastq.gz	7247455 7245745 1710
859_2_1_C1802ACXX_GTGAAA_L002_R1.fastq.gz	7019285 7018709 576
859_3_1_C1802ACXX_GTGGCC_L002_R1.fastq.gz	7911178 7907470 3708
859_4_1_C1802ACXX_GTTTCG_L002_R1.fastq.gz	7488431 7487569 862
877_1_C5H1BACXX_GATCAG_L003_R1.fastq.gz	9217370 9216472 898
877_2_C5H1BACXX_TAGCTT_L003_R1.fastq.gz	9629146 9628458 688
877_3_C5H1BACXX_GGCTAC_L003_R1.fastq.gz	9341201 9340571 630
877_4_C5H1BACXX_CTTGTA_L003_R1.fastq.gz	9530344 9528428 1916
879_1_C5H1BACXX_GTCCGC_L004_R1.fastq.gz	9409632 9409064 568
879_2_C5H1BACXX_GTGAAA_L004_R1.fastq.gz	9331224 9330668 556
879_3_C5H1BACXX_GTGGCC_L004_R1.fastq.gz	9267106 9266474 632
879_4_C5H1BACXX_GTTTCG_L004_R1.fastq.gz	8890755 8890058 697
88_1_C5H1BACXX_AGTCAA_L001_R1.fastq.gz	9602703 9602229 474
88_2_C5H1BACXX_AGTTCC_L001_R1.fastq.gz	9524021 9523729 292
88_3_C5H1BACXX_ATGTCA_L001_R1.fastq.gz	9193062 9191811 1251
88_4_C5H1BACXX_CCGTCC_L001_R1.fastq.gz	8875633 8875282 351
